Edge	6	52	50	0	0	1	143	-1
	Sequence	+edge_4_0_+disjointig_1_291683_294962 3279 1 3041463 291683 294962
	Sequence	+edge_4_1_+disjointig_1_1165193_1168373 3180 1 3041463 1165193 1168373
	Sequence	+edge_4_2_+disjointig_2_1227958_1231138 3180 2 1679926 1227958 1231138
	Sequence	+edge_4_3_-disjointig_3_296020_299204 3184 -3 302406 296020 299204
	Sequence	+edge_4_4_-disjointig_3_200018_203115 3097 -3 302406 200018 203115
	Sequence	+edge_4_5_-disjointig_3_45055_48233 3178 -3 302406 45055 48233
	Sequence	+edge_4_6_-disjointig_3_1632_4816 3184 -3 302406 1632 4816
Edge	7	49	48	0	0	1	143	-1
	Sequence	-edge_4_0_+disjointig_1_291683_294962 3279 -1 3041463 2746500 2749779
	Sequence	-edge_4_1_+disjointig_1_1165193_1168373 3180 -1 3041463 1873089 1876269
	Sequence	-edge_4_2_+disjointig_2_1227958_1231138 3180 -2 1679926 448787 451967
	Sequence	-edge_4_3_-disjointig_3_296020_299204 3184 3 302406 3201 6385
	Sequence	-edge_4_4_-disjointig_3_200018_203115 3097 3 302406 99290 102387
	Sequence	-edge_4_5_-disjointig_3_45055_48233 3178 3 302406 254172 257350
	Sequence	-edge_4_6_-disjointig_3_1632_4816 3184 3 302406 297589 300773
Edge	8	54	51	0	0	0	127	-1
	Sequence	+edge_5_0_+disjointig_3_6385_97033 90648 3 302406 6385 97033
Edge	9	10	28	0	0	0	127	-1
	Sequence	-edge_5_0_+disjointig_3_6385_97033 90648 -3 302406 205372 296020
Edge	10	29	35	0	0	0	121	-1
	Sequence	+edge_6_0_+disjointig_3_102387_252117 149730 3 302406 102387 252117
Edge	11	37	11	0	0	0	121	-1
	Sequence	-edge_6_0_+disjointig_3_102387_252117 149730 -3 302406 50288 200018
Edge	12	25	7	0	0	0	108	-1
	Sequence	+edge_7_0_-disjointig_2_451967_497089 45122 -2 1679926 451967 497089
Edge	13	21	46	0	0	0	108	-1
	Sequence	-edge_7_0_-disjointig_2_451967_497089 45122 2 1679926 1182836 1227958
Edge	16	24	40	0	0	0	122	-1
	Sequence	+edge_9_0_+disjointig_3_257350_295493 38143 3 302406 257350 295493
Edge	17	22	23	0	0	0	122	-1
	Sequence	-edge_9_0_+disjointig_3_257350_295493 38143 -3 302406 6912 45055
Edge	18	50	53	0	0	1	119	-1
	Sequence	+edge_10_0_+disjointig_1_294962_297015 2053 1 3041463 294962 297015
	Sequence	+edge_10_1_-disjointig_3_203115_205372 2257 -3 302406 203115 205372
	Sequence	+edge_10_2_-disjointig_3_48233_50288 2055 -3 302406 48233 50288
Edge	19	47	49	0	0	1	119	-1
	Sequence	-edge_10_0_+disjointig_1_294962_297015 2053 -1 3041463 2744447 2746500
	Sequence	-edge_10_1_-disjointig_3_203115_205372 2257 3 302406 97033 99290
	Sequence	-edge_10_2_-disjointig_3_48233_50288 2055 3 302406 252117 254172
Edge	22	53	9	0	0	0	105	-1
	Sequence	+edge_12_0_+disjointig_1_297015_519325 222310 1 3041463 297015 519325
Edge	23	6	47	0	0	0	105	-1
	Sequence	-edge_12_0_+disjointig_1_297015_519325 222310 -1 3041463 2522137 2744447
Edge	26	26	41	0	0	0	117	-1
	Sequence	+edge_14_0_+disjointig_1_522461_1083458 560997 1 3041463 522461 1083458
Edge	27	15	8	0	0	0	117	-1
	Sequence	-edge_14_0_+disjointig_1_522461_1083458 560997 -1 3041463 1958004 2519001
Edge	28	1	2	0	0	0	109	-1
	Sequence	+edge_15_0_-disjointig_2_500227_1252956 752729 -2 1679926 500227 1252956
Edge	29	16	0	0	0	0	109	-1
	Sequence	-edge_15_0_-disjointig_2_500227_1252956 752729 2 1679926 426969 1179698
Edge	32	19	14	0	0	0	83	-1
	Sequence	+edge_17_0_+disjointig_1_1533452_2526306 992854 1 3041463 1533452 2526306
Edge	33	12	55	0	0	0	83	-1
	Sequence	-edge_17_0_+disjointig_1_1533452_2526306 992854 -1 3041463 515156 1508010
Edge	36	18	34	0	0	0	86	-1
	Sequence	+edge_19_0_-disjointig_1_1512962_1783776 270814 -1 3041463 1512962 1783776
Edge	37	44	20	0	0	0	86	-1
	Sequence	-edge_19_0_-disjointig_1_1512962_1783776 270814 1 3041463 1257686 1528500
Edge	40	42	34	0	0	0	122	-1
	Sequence	+edge_21_0_+disjointig_2_1233035_1673223 440188 2 1679926 1233035 1673223
Edge	41	44	39	0	0	0	122	-1
	Sequence	-edge_21_0_+disjointig_2_1233035_1673223 440188 -2 1679926 6702 446890
Edge	46	33	3	0	0	0	91	-1
	Sequence	+edge_24_0_+disjointig_2_4080_423822 419742 2 1679926 4080 423822
Edge	47	5	38	0	0	0	91	-1
	Sequence	-edge_24_0_+disjointig_2_4080_423822 419742 -2 1679926 1256103 1675845
Edge	56	45	57	0	0	0	87	-1
	Sequence	+edge_29_0_+disjointig_1_2529475_3041455 511980 1 3041463 2529475 3041455
Edge	57	56	13	0	0	0	87	-1
	Sequence	-edge_29_0_+disjointig_1_2529475_3041455 511980 -1 3041463 7 511987
Edge	58	57	52	0	0	0	96	-1
	Sequence	+edge_30_0_+disjointig_1_21430_291683 270253 1 3041463 21430 291683
Edge	59	48	56	0	0	0	96	-1
	Sequence	-edge_30_0_+disjointig_1_21430_291683 270253 -1 3041463 2749779 3020032
Edge	60	4	43	0	0	0	115	-1
	Sequence	+edge_31_0_-disjointig_1_1876269_1953056 76787 -1 3041463 1876269 1953056
Edge	61	17	36	0	0	0	115	-1
	Sequence	-edge_31_0_-disjointig_1_1876269_1953056 76787 1 3041463 1088406 1165193
Edge	62	32	38	0	0	0	135	-1
	Sequence	+edge_32_0_+disjointig_1_1170443_1251417 80974 1 3041463 1170443 1251417
Edge	63	33	27	0	0	0	135	-1
	Sequence	-edge_32_0_+disjointig_1_1170443_1251417 80974 -1 3041463 1790045 1871019
Edge	64	38	44	1	0	0	59	-1
	Sequence	+edge_33_0_+disjointig_1_1251417_1257686 6269 1 3041463 1251417 1257686
	Sequence	+edge_33_1_-disjointig_2_5_6702 6697 -2 1679926 5 6702
Edge	65	34	33	1	0	0	59	-1
	Sequence	-edge_33_0_+disjointig_1_1251417_1257686 6269 -1 3041463 1783776 1790045
	Sequence	-edge_33_1_-disjointig_2_5_6702 6697 2 1679926 1673223 1679920
Edge	66	31	31	0	0	0	146	-1
	Sequence	+edge_34_0_+disjointig_4_22258_131313 109055 4 131318 22258 131313
Edge	67	30	30	0	0	0	146	-1
	Sequence	-edge_34_0_+disjointig_4_22258_131313 109055 -4 131318 4 109059
Edge	68	28	32	0	0	0	131	-1
	Sequence	+edge_35_0_-SRR32410565.164137_1881_7122 5241 * 0 0 0
Edge	69	27	54	0	0	0	131	-1
	Sequence	-edge_35_0_-SRR32410565.164137_1881_7122 5241 * 0 0 0
Edge	70	39	25	0	0	0	115	-1
	Sequence	+edge_36_0_+SRR32410565.86056_623_5697 5074 * 0 0 0
Edge	71	46	42	0	0	0	115	-1
	Sequence	-edge_36_0_+SRR32410565.86056_623_5697 5074 * 0 0 0
Edge	72	35	24	0	0	0	121	-1
	Sequence	+edge_37_0_+SRR32410565.52740_3165_8394 5229 * 0 0 0
Edge	73	23	37	0	0	0	121	-1
	Sequence	-edge_37_0_+SRR32410565.52740_3165_8394 5229 * 0 0 0
Edge	74	20	19	0	0	0	84	-1
	Sequence	+edge_38_0_+SRR32410565.44114_656_5608 4952 * 0 0 0
Edge	75	55	18	0	0	0	84	-1
	Sequence	-edge_38_0_+SRR32410565.44114_656_5608 4952 * 0 0 0
Edge	76	41	17	0	0	0	116	-1
	Sequence	+edge_39_0_+SRR32410565.20265_1175_6126 4951 * 0 0 0
Edge	77	43	15	0	0	0	116	-1
	Sequence	-edge_39_0_+SRR32410565.20265_1175_6126 4951 * 0 0 0
Edge	78	14	45	0	0	0	85	-1
	Sequence	+edge_40_0_-SRR32410565.17839_1524_4690 3166 * 0 0 0
Edge	79	13	12	0	0	0	85	-1
	Sequence	-edge_40_0_-SRR32410565.17839_1524_4690 3166 * 0 0 0
Edge	80	11	10	0	0	0	124	-1
	Sequence	+edge_41_0_-SRR32410565.111392_695_6042 5347 * 0 0 0
Edge	81	51	29	0	0	0	124	-1
	Sequence	-edge_41_0_-SRR32410565.111392_695_6042 5347 * 0 0 0
Edge	82	9	26	0	0	0	111	-1
	Sequence	+edge_42_0_-SRR32410565.123620_587_3722 3135 * 0 0 0
Edge	83	8	6	0	0	0	111	-1
	Sequence	-edge_42_0_-SRR32410565.123620_587_3722 3135 * 0 0 0
Edge	84	40	4	0	0	0	118	-1
	Sequence	+edge_43_0_+SRR32410565.12321_1341_6617 5276 * 0 0 0
Edge	85	36	22	0	0	0	118	-1
	Sequence	-edge_43_0_+SRR32410565.12321_1341_6617 5276 * 0 0 0
Edge	86	3	16	0	0	0	100	-1
	Sequence	+edge_44_0_-SRR32410565.184144_1518_4665 3147 * 0 0 0
Edge	87	2	5	0	0	0	100	-1
	Sequence	-edge_44_0_-SRR32410565.184144_1518_4665 3147 * 0 0 0
Edge	88	7	1	0	0	0	108	-1
	Sequence	+edge_45_0_+SRR32410565.31327_1345_4480 3135 * 0 0 0
Edge	89	0	21	0	0	0	108	-1
	Sequence	-edge_45_0_+SRR32410565.31327_1345_4480 3135 * 0 0 0
